B: 412,711 -5,-3 0,-20 13,-13 -1,-3 -11,-6 -9,-16 -15,-7 -12,-14 -19,-7 -14,-15 -6,6
B: 247,718 -2,-11 3,-18 9,-6 -3,-18
B: 274,583 -9,14 2,10 -8,23 2,7 -6,8 2,15 -3,5
B: 371,417 15,-2 9,5 7,20 -1,24 -4,8 -11,5 -5,6 -17,5 -8,11 -21,12 1,7 -7,0 -33,43 -10,7 -12,15
B: 113,-34 14,4 10,13 24,-1 20,13 2,6 -3,6 6,15 1,17 -10,1 11,13 2,29 60,0 0,8 -5,7 3,19 13,10 5,0 11,26 -9,25 2,5 -13,25 9,8 -10,7
B: 109,296 12,-42 0,-18 12,-18 5,-15 58,-12 29,-1 30,19 1,13
B: 371,417 6,-17 4,-35 3,-3 -13,-9 -18,8 -8,-3 -4,-13 -2,-33 -8,-13 -13,-1 -5,-7 -14,7 -37,-6 5,-40 -11,-30
B: 109,296 15,14 13,21 25,20 17,8 20,4 23,17 27,15 8,0 10,6 6,7 2,7 -6,6 -4,11 -8,6 -3,8 1,9 -14,18 0,6 26,0 45,9 12,-9 12,4 9,-15 9,-2 11,-11 6,-23 0,-15
B: 109,296 -6,-8 -33,0 -12,18 -3,12 -10,-22 -12,-4 -26,0 -14,-11 -5,11 -11,4 -3,7 -6,3
B: 333,613 -7,2 0,-8
B: 326,607 -5,-8 -22,-19 -9,1 -2,5 -14,-3
C: 711,327 0,0
C: 571,440 0,0
C: 570,489 0,0
C: 678,354 0,0
C: 303,826 -1,-22 -11,-1 -10,-15 7,-19 -19,-17 -17,-7 -8,-14 4,-4 0,-5 -5,-14 4,-20 6,-1 2,-4 -1,-18 4,18 -9,8 -1,26 17,19 23,0 10,8 22,9 17,-5 25,6 24,-10 13,-10 11,-22 25,-23 18,-35 -3,-10 9,-20 14,-8 5,-16 2,3 4,-14 -4,-4 0,-8 9,12 15,-4 -1,7 -4,-1 1,10 -9,8 0,5 -7,2 -3,13 -14,11 -12,2 0,10 43,-38 32,-61 16,-18 15,-10 6,-18 -1,-19 3,-7 -3,-34 -3,-5 4,-4 1,-8 -3,-2 9,-10 -9,-4 -2,-5 9,3 2,-6 7,1 0,4 9,-9 -2,-5 36,-28 34,-18 12,2 1,-4 16,-11 11,-3 -1,-9 25,-5 6,3 -9,2 2,2 22,-4 2,-10 3,0 -1,5 5,4 30,-1
