Miranda: 331,281 -3,0 -6,-6 1,-5 -3,-11 0,-10 2,0 0,-4 2,2 -2,-9 -3,1 -4,-4 -1,-10 -4,-2 -1,-5 -7,-1 -4,-9 5,-2 -3,1 -5,-3 -1,-5 -3,-2 -9,-2
Verde: 404,177 2,8 -2,4 5,10 1,10 11,13 1,6 25,23 14,8
Taquari: 412,139 -2,5 -11,0 -6,-3 -7,6 -12,4 -6,12 -3,-3 -5,0 -6,-8 -22,0 -26,8 -17,16 -6,18
Paranaiba: 605,150 -6,6 -12,4
Paranaiba: 580,156 -24,0 -5,2
Paranaiba: 506,181 0,-4 6,-8 17,-3
Paranaiba: 551,158 -8,9 -5,-6 -9,5
Paranaiba: 587,160 -7,-4
Paranaiba: 642,186 -8,-11 2,-9 -3,-8 -11,-5 -5,2 -6,-9 -6,4
Ivai: 484,412 8,-5 0,-7 -8,-11 -7,-2 -4,-5 2,-11 -9,-13 -6,-1 -4,-7 -11,-6 -4,-8 -5,-3 -16,-4 -1,2 -7,-1 -2,2 0,-2 -4,0 -5,4
Jejui_Guazu: 358,376 -3,-6 -9,3 -19,-12 -6,5 -11,-4 -22,3
Tercero: 52,654 11,-1 13,3 24,15
Pardo: 645,284 -4,-1 -1,-4 -5,-2 -3,-5 -14,2 -2,-5 -6,0 -3,-5 -2,1 -2,-7 -4,0 -18,-10 -5,-7 1,-4 -3,-2 -3,-10 -4,-3
Carcarana: 100,671 14,1 5,9 4,-1 8,3 6,-2 1,5 4,1 10,-3 11,-11 5,-1 1,-8 2,4
Grande: 542,215 -32,-4
Grande: 490,220 13,-10
Grande: 618,226 15,12
Grande: 678,254 -1,3 -2,-4 -6,-1 -10,-12 -4,2 -2,-2 -11,0
Grande: 705,269 -7,-6
Grande: 510,211 -3,-3 -4,2
Grande: 618,226 -11,-7 -1,-4 -6,2 -8,-2 -1,5 -3,-3 -2,4 -4,-1 -2,-4 -1,5 -18,0 -3,4 0,7 -3,-4 0,-7 -7,6 -3,-5 2,-6 -5,-1
Grande: 642,240 -4,1 -5,-3
Grande: 698,263 -11,-7 -7,2 -2,-4
Grande: 703,294 13,-14 -4,-11 -7,0
Salado: 4,368 2,5 -2,8 6,12 9,7 -1,4 7,2 2,-5 3,-1 5,2 1,5 9,2 11,-10 4,1 7,17 -1,3 8,13 -2,10 4,9 -2,11 6,21 -1,9 6,13 22,22 3,14 14,11 9,1 7,-4 3,4 5,0 6,5 4,0 4,5 9,3 5,35 -7,3 -1,10 2,1 -4,9 4,0 1,13 -3,5 4,4
Uruguay: 531,522 -1,-1 -3,1 -1,-2 -1,1 -2,-1 -1,1 -4,0 0,-1 -2,1 0,-1 -6,0 -4,-2 -2,1 -7,-7 0,-2 -2,-2 -1,1 -3,-7 -2,0 -3,-5 -4,-1 -2,-2 0,-2 -2,0 0,-1 -1,1 -3,-4 -3,1 0,-2 -3,-1 0,-1 -4,1 0,1 -2,0 -1,-1 1,-1 -1,0 0,2 -1,0 0,-3 -2,1 1,-1 -3,-2 2,0 0,-1 -5,-1 -2,-2 -3,1 1,-2 -2,0 0,2 -3,-1 0,-1 -1,1 -1,-2 -8,2 0,-1 -4,-1 0,-2 -2,0 0,1 -2,0 0,-1 -2,2 1,-2 0,-1 -2,0 1,-2 -3,3 -2,-1 -1,2 0,-1 -4,1 1,-3 -3,-1 -2,2 -2,-1 0,3 -3,-1 -1,2 -1,0 0,-2 -3,0 0,1 -1,-2 -3,1 -1,-2 0,2 -2,-1 0,2 -2,0 -2,3 -4,-1 -2,6 -3,-1 0,2 -4,-1 1,2 -3,1 -2,-2 -1,3 -1,-1 -1,2 -4,-1 -1,3 -2,0 0,5 -6,1 2,1 0,2 -3,-1 0,2 -3,-1 0,1 -4,1 0,2 -2,0 -1,4 -3,0 -1,2 -2,-1 -2,3 -3,1 0,2 3,1 0,3 -1,1 -1,-2 -4,-1 -2,2 1,3 -4,1 -1,1 1,2 -7,7 -2,0 -1,5 -3,1 0,4 -4,1 -4,4 -1,5 -3,1 -1,4 -5,4 -5,7 -6,1 -1,6 -7,7 -3,1 0,4 -7,6 -1,6 2,2 1,6 -1,2 -3,0 2,5 -2,3 0,4 -2,2 0,3 -3,2 0,2 2,1 1,3 -3,7 -4,1 -1,2 2,2 -1,8 3,3 0,2 -4,5
Pilcomayo: -15,193 3,-2 -1,-3 5,-3 6,8 5,1 4,-2 1,-4 3,-3 3,0 1,-2 3,2 0,2 2,2 5,2 3,3 1,-1 1,1 5,-1 1,3 1,0 0,4 4,6 1,6 4,6 1,14 7,1 3,3 2,11 1,2 5,1 1,5 3,2 -1,1 3,1 5,-1 1,2 6,1 8,6 2,0 5,6 3,9 2,2 2,9 4,2 1,4 3,1 5,5 3,0 2,2 -1,3 2,1 1,2 -1,1 5,5 1,4 6,4 3,4 0,2 7,3 1,3 2,0 0,1 4,1 1,2 4,1 2,2 -1,2 5,6 1,-1 2,2 5,0 0,1 3,0 2,2 8,3 10,-1 13,9 1,2 5,2 3,5 6,2 0,1 12,7 12,3 0,2 3,3 4,-2 8,5 4,0 3,3 1,3 2,1
Parana: 356,11 -2,-1 -4,2 -8,1 -1,2 -10,4 -2,3 -11,3 -2,5 -1,-1 -2,1 1,3 -2,0 -1,1 1,1 -3,3 1,3 2,0 2,3 2,0 2,5 0,5 1,-1 1,3 2,0 1,3 1,0 -2,8 3,1 1,3 1,-1 2,1 1,5 -3,3 0,3 2,1 -3,4 -6,2 -3,-1 -4,4 -1,5 -1,0 -1,3 -4,2 -1,5 2,2 0,3 -3,2 -3,7 -2,1 0,3 -5,4 0,3 -3,4 -11,3 -2,3 1,1 0,5 2,1 -1,5 2,4 -1,0 1,3 -4,2 1,1 -3,2 0,4 -2,2 1,2 -2,2 -2,0 0,3 10,3 0,2 2,0 0,2 1,0 0,5 -5,8 2,0 0,1 -3,3 0,2 -2,-1 -1,2 -3,0 1,3 -3,1 -3,5 -7,3 -4,4 1,1 -1,2 2,1 0,4 3,1 1,11 1,-2 3,2 0,1 -3,1 0,1 3,1 -2,3 3,1 -1,3 1,4 -3,5 2,2 -3,4 0,4 1,0 -1,4 1,1 -2,6 1,0 0,3 -2,5 1,0 0,7 3,0 0,2 2,2 -1,2 2,8 -4,0 -1,2 5,5 -1,1 1,3 1,0 -1,2 2,2 2,0 1,3 5,4 -1,3 2,2 0,6 6,5 -1,5 -2,2 3,2 1,5 2,-1 -1,3 3,3 0,3 1,0 -1,4 1,5 -2,2 2,1 -1,3 -2,0 -2,5 0,1 1,-1 -1,2 1,0 0,2 -3,-1 -2,4 -6,1 0,3 -4,3 3,5 0,5 -1,2 -2,0 -1,2 -3,1 1,2 -2,1 0,2 -2,2 1,1 -2,1 2,2 -10,7 2,2 -3,1 1,2 -2,2 0,2 1,0 -1,4 2,1 -1,3 -2,-1 0,5 -4,2 2,1 -5,2 -1,1 1,2 -2,2 -1,-1 0,3 -3,1 1,6
Parana: 241,479 -9,6 0,3 2,3 0,7 -1,0 1,3 -2,6 -5,1 -2,3 1,2 -1,3 1,0 -1,7 1,4 -1,0 -3,9 0,5 -5,4 -5,2 -3,7 -1,14 -2,2 3,6 0,3 -2,3 1,10 -1,11 -5,6 -6,11 -2,1 -1,4 -6,5 -5,7 -7,0 -1,1 1,1 -1,0 1,1 -1,0 0,3 -2,2 2,6 -3,18 2,3 0,5 2,5 2,1 1,3 4,4
Parana: 182,690 5,1 2,2 0,-1 1,1 2,-1 0,1 6,1 0,-2 1,2 2,-1 5,1 2,2 -1,1 1,1 2,0 1,2 5,3 1,3 5,5 0,2
Parana: 182,690 15,12 4,1 2,3 4,2 6,0 3,3 4,-1 0,2 2,1
Parana: 222,713 1,1 5,0 5,4 3,0 4,4 6,-2
Negro: 344,664 -8,4 -3,-1 -1,4 -3,-1 -8,4 -2,4 -16,0 -3,3
Negro: 390,626 -15,11 -2,14 -6,1 -3,8 -6,5 -11,1 -3,-2
Negro: 300,681 -5,4 -5,-1 -3,6 -10,-5 -4,2 -7,-2 -7,4 1,4 -3,-1 0,3 -4,0 -5,4
Paranapanema: 505,322 -9,0 -2,-4 -11,-3 -5,-4 -4,1
Paranapanema: 539,329 -11,-2
Paranapanema: 566,343 -2,-8 -13,-1 -4,-3
Paranapanema: 474,312 -3,1 -18,-6 -2,4 -27,-2 -5,4
Paranapanema: 529,327 -4,-1 -3,-6 -3,2 -14,0
Paranapanema: 547,331 -8,-2
Paranapanema: 580,365 2,-5 -3,-5 -4,-2 -5,-9 -2,2 -2,-3
Tiete: 481,240 3,-1 22,14 6,1
Tiete: 554,279 -3,0 -2,-4 -3,1 -11,-11 -19,-9
Tiete: 570,307 13,8
Tiete: 481,239 -7,1 -4,-2
Tiete: 516,256 -4,-2
Tiete: 570,307 -4,-2 -4,-9 2,-2 -2,-3 -3,1 -1,-9 -4,-4
Tiete: 654,346 -13,-5 -15,2 -5,-5 -6,0 -4,-7 -9,1 -3,-5 -5,-1 1,-3 -4,0 -8,-8
Itiquira: 400,101 -9,-7 -16,-5 -8,3 -7,-3 -3,4 -16,7 -15,-3 -6,8 -13,5
Ivinheima: 349,260 4,9 7,5 0,4 5,7 3,-2 2,4 7,-3 5,3 13,-3 6,5 7,16 -2,2 0,8 2,0 -5,9
Verde: 460,113 -5,3 0,6 6,16 5,3 7,11 14,8 3,14 9,6 2,4
Bermejo: 43,287 0,7 3,1 2,3 -1,3 1,0 0,3 3,4 -1,3 4,4 -1,2 2,2 -1,6 2,0 -1,1 3,1 1,4 1,0 -2,0 0,-1 1,3 3,0 2,2 9,0 4,4 7,3 1,2 4,2 0,2 10,4 3,7 1,1 1,-1 2,3 0,-1 5,3 1,-2 1,1 2,-1 1,2 13,3 5,5 4,0 3,5 1,1 0,-1 2,0 4,5 8,2 4,5 0,3 2,0 6,6 9,5 2,0 2,2 1,3 3,2 -1,1 4,3 1,5 6,2 2,3 3,1 0,2 6,5 1,5 7,1 2,6 6,0 1,-1 2,2 6,2 2,4 9,5 1,3 3,3 3,0 0,2
Ibicui: 396,560 -32,10 -10,-3 -3,-5 -10,0 -15,-11 -3,2 -2,-2 -4,4 -16,0
Parana: 489,204 0,13 1,3 -5,7 -6,2 -3,3
Parana: 459,267 -1,3 -4,1 1,5 -8,8 -4,7 0,2 -4,3 -3,0 -3,3 -4,1 -4,4
Parana: 371,411 1,0
Parana: 372,412 0,-2 6,-9 -1,0 -1,-4 2,-8 3,-6 0,-6 2,-3 0,-3 -2,-3 0,-4 2,-2
Parana: 506,181 -2,3 -2,1 -2,-1 -2,2 0,2 -4,3 -1,4 2,2 -4,-1 0,5 -1,0 -1,3
Parana: 476,232 -3,5 -3,0 -1,11 -4,3 -1,4 -3,2 1,6 -3,4
Parana: 425,304 -1,3 -2,1 -3,5 -14,7 -5,16 -8,4 -1,9 -2,4 0,5 -6,4
Parana: 398,337 -3,3 0,5 -1,0 -3,10 0,4 -4,3 -4,0
Parana: 383,362 0,0
Parana: 372,412 0,8 -1,-1 0,5 1,1 -1,3 1,2 -2,1 1,3 -1,4 1,1 -1,0 -1,8 -3,3 0,5 -5,1 0,3 -6,4 0,3 -10,1 -1,5 -3,0 0,2 -2,0 1,6 -6,4 -3,-1 -1,-3 -9,-1 -1,2 -3,1 0,3 -2,3 -3,1 -4,-5 -8,2 -4,-3 -8,3 -5,-3 -7,0 -5,-3 -11,-3 -19,2
